recid	reit	smrt	tog_nr	dag	man	dyp_min	dyp_max	vf	nr	le	ky	kt	aldur	osl	sl	li
100108	620	1	2	12	03	187	179	73	11	41	2	1	3	691	562	34
100108	620	1	2	12	03	187	179	73	12	78	2	2	6	4124	3282	345
100108	620	1	2	12	03	187	179	73	13	64	2	1	5	2359	1975	130
100108	620	1	2	12	03	187	179	73	14	62	2	4	5	1918	1622	150
100108	620	1	2	12	03	187	179	73	15	54	2	1	5	1328	1108	124
100108	620	1	2	12	03	187	179	73	16	52	2	2	4	1519	1167	115
100108	620	1	2	12	03	187	179	73	17	54	1	1	5	1495	1243	69
100108	620	1	2	12	03	187	179	73	18	66	1	1	6	2634	2251	136
100108	620	1	2	12	03	187	179	73	19	46	2	1	4	944	755	60
100108	620	1	2	12	03	187	179	73	2	56	2	1	5	1718	1430	112
100108	620	1	2	12	03	187	179	73	20	40	1	1	3	603	480	29
100108	620	1	2	12	03	187	179	73	21	69	1	1	5	2691	2395	100
100108	620	1	2	12	03	187	179	73	22	74	2	4	6	3860	3262	142
100108	620	1	2	12	03	187	179	73	23	45	2	1	3	905	706	55
100108	620	1	2	12	03	187	179	73	24	44	2	1	3	843	685	50
100108	620	1	2	12	03	187	179	73	25	62	1	1	5	2111	1757	93
100108	620	1	2	12	03	187	179	73	3	51	2	1	4	1134	947	56
100108	620	1	2	12	03	187	179	73	4	65	1	1	6	2244	1986	70
100108	620	1	2	12	03	187	179	73	5	76	2	2	6	3920	3048	234
100108	620	1	2	12	03	187	179	73	6	66	2	1	5	2627	2140	124
100108	620	1	2	12	03	187	179	73	8	65	2	4	6	2362	2002	107
100108	620	1	2	12	03	187	179	73	9	54	1	1	4	1479	1239	86
100111	621	2	4	12	03	132	113	73	1	75	2	2	6	4374	3210	199
100111	621	2	4	12	03	132	113	73	2	39	2	1	3	605	514	24
100111	621	2	4	12	03	132	113	73	3	45	2	1	3	751	672	20
100111	621	2	4	12	03	132	113	73	4	51	1	1	5	1440	1107	57
100111	621	2	4	12	03	132	113	73	5	82	1	2	8	5630	4144	456
100111	621	2	4	12	03	132	113	73	7	36	1	1	3	414	374	17
100111	621	2	4	12	03	132	113	73	8	55	2	2	5	1716	1282	145
100112	619	1	2	11	03	198	212	73	1	36	1	1	3	483	378	25
100112	619	1	2	11	03	198	212	73	2	37	2	1	3	433	393	23
100112	619	1	2	11	03	198	212	73	3	48	1	1	4	1016	911	39
100112	619	1	2	11	03	198	212	73	4	67	1	2	7	3086	2408	209
100112	619	1	2	11	03	198	212	73	5	52	1	1	4	1186	1040	61
100113	670	3	15	12	03	331	300	73	1	70	2	1	5	2878	2426	239
100113	670	3	15	12	03	331	300	73	2	63	1	1	5	2338	1960	153
100113	670	3	15	12	03	331	300	73	3	63	1	1	5	2212	1859	217
100113	670	3	15	12	03	331	300	73	4	62	1	1	5	2082	1755	183
100113	670	3	15	12	03	331	300	73	5	27	1	1	2	158	136	6
100113	670	3	15	12	03	331	300	73	6	24	1	1	2	108	94	2
100113	670	3	15	12	03	331	300	73	7	58	1	1	5	1532	1346	87
100113	670	3	15	12	03	331	300	73	8	59	2	1	5	1922	1643	84
100113	670	3	15	12	03	331	300	73	9	27	2	1	2	179	153	7
100114	621	2	11	12	03	150	146	73	1	70	2	2	6	2865	2353	220
100114	621	2	11	12	03	150	146	73	10	37	1	1	3	528	434	15
100114	621	2	11	12	03	150	146	73	11	42	2	1	4	760	634	38
100114	621	2	11	12	03	150	146	73	12	47	2	1	4	900	777	22
100114	621	2	11	12	03	150	146	73	13	59	1	1	5	1869	1577	90
100114	621	2	11	12	03	150	146	73	14	62	1	1	5	1772	1577	54
100114	621	2	11	12	03	150	146	73	15	58	2	1	6	1987	1722	62
100114	621	2	11	12	03	150	146	73	16	45	1	1	4	874	760	17
100114	621	2	11	12	03	150	146	73	17	34	1	1	3	408	324	15
100114	621	2	11	12	03	150	146	73	18	49	2	1	4	1211	1008	74
100114	621	2	11	12	03	150	146	73	19	47	1	2	4	1010	858	29
100114	621	2	11	12	03	150	146	73	2	67	2	4	6	2636	2129	72
100114	621	2	11	12	03	150	146	73	20	65	1	2	6	3000	2274	139
100114	621	2	11	12	03	150	146	73	21	52	2	1	5	1260	1035	25
100114	621	2	11	12	03	150	146	73	22	55	2	1	6	1217	1033	90
100114	621	2	11	12	03	150	146	73	23	61	1	2	5	2209	1670	89
100114	621	2	11	12	03	150	146	73	24	75	2	4	10	3996	3592	164
100114	621	2	11	12	03	150	146	73	25	75	2	2	6	4344	3224	261
100114	621	2	11	12	03	150	146	73	3	67	1	1	5	3042	2404	174
100114	621	2	11	12	03	150	146	73	4	55	2	4	5	1694	1372	53
100114	621	2	11	12	03	150	146	73	5	65	2	2	6	2561	2007	201
100114	621	2	11	12	03	150	146	73	6	54	1	2	5	1657	1256	152
100114	621	2	11	12	03	150	146	73	7	40	2	1	3	590	440	25
100116	621	2	12	12	03	137	77	73	1	80	2	2	8	5480	4008	138
100116	621	2	12	12	03	137	77	73	2	58	1	1	6	1776	1469	120
100116	621	2	12	12	03	137	77	73	3	91	2	1	10	7135	5218	-1
100116	621	2	12	12	03	137	77	73	5	50	2	1	4	1434	945	59
100116	621	2	12	12	03	137	77	73	6	37	1	1	3	475	413	10
100116	621	2	12	12	03	137	77	73	7	65	2	1	5	2582	2172	163
100116	621	2	12	12	03	137	77	73	8	82	2	2	7	5512	4258	603
100116	621	2	12	12	03	137	77	73	9	54	1	1	5	1494	1264	57
100121	621	2	2	12	03	181	174	73	1	66	1	2	5	2535	2187	97
100121	621	2	2	12	03	181	174	73	2	57	1	2	5	1943	1505	131
100121	621	2	2	12	03	181	174	73	3	64	1	1	5	2357	2053	74
100121	621	2	2	12	03	181	174	73	4	45	1	1	4	821	719	42
100121	621	2	2	12	03	181	174	73	5	67	2	1	6	2495	2142	18
100122	621	2	1	12	03	170	188	73	1	45	2	1	4	874	745	46
100122	621	2	1	12	03	170	188	73	2	33	1	1	3	340	288	16
100122	621	2	1	12	03	170	188	73	3	41	1	1	3	738	591	40
100122	621	2	1	12	03	170	188	73	4	75	2	2	6	3768	3286	172
100122	621	2	1	12	03	170	188	73	5	56	1	1	5	1598	1287	77
100122	621	2	1	12	03	170	188	73	6	39	1	1	3	499	432	24
100122	621	2	1	12	03	170	188	73	7	41	1	1	3	612	531	20
100123	671	4	15	13	03	205	223	73	1	53	2	1	5	1384	1121	99
100123	671	4	15	13	03	205	223	73	2	41	2	1	3	671	570	43
100123	671	4	15	13	03	205	223	73	3	75	1	2	6	3920	3098	294
100123	671	4	15	13	03	205	223	73	4	52	2	1	5	1156	967	102
100123	671	4	15	13	03	205	223	73	5	75	1	2	7	3820	2857	312
100123	671	4	15	13	03	205	223	73	6	67	1	2	5	2915	2279	244
100123	671	4	15	13	03	205	223	73	7	43	2	1	3	929	711	47
100123	671	4	15	13	03	205	223	73	8	60	1	1	5	1950	1750	134
100124	670	1	3	13	03	285	298	73	1	47	1	1	5	974	825	78
100124	670	1	3	13	03	285	298	73	2	62	2	1	5	1747	1529	62
100124	670	1	3	13	03	285	298	73	3	66	1	2	7	2346	2061	82
100124	670	1	3	13	03	285	298	73	4	58	2	1	5	1654	1454	92
100124	670	1	3	13	03	285	298	73	5	73	1	2	7	3630	2868	190
100125	670	2	5	13	03	282	271	73	1	64	1	4	5	2121	1645	233
100125	670	2	5	13	03	282	271	73	2	61	1	2	5	2025	1600	199
100125	670	2	5	13	03	282	271	73	3	69	2	1	7	2772	2263	206
100125	670	2	5	13	03	282	271	73	4	60	2	1	5	2217	1705	202
100125	670	2	5	13	03	282	271	73	5	72	1	2	7	3260	2620	232
100126	720	4	12	13	03	282	287	73	1	59	1	1	5	1870	1603	182
100126	720	4	12	13	03	282	287	73	2	52	1	1	4	1111	925	61
100126	720	4	12	13	03	282	287	73	3	36	2	1	3	488	399	21
100126	720	4	12	13	03	282	287	73	4	64	1	1	6	2145	1872	145
100126	720	4	12	13	03	282	287	73	5	44	2	1	4	668	574	37
100126	720	4	12	13	03	282	287	73	6	62	2	1	5	1931	1492	116
100126	720	4	12	13	03	282	287	73	7	69	1	2	6	3130	2477	266
100127	719	3	2	13	03	287	306	73	1	64	1	4	5	2264	1791	202
100127	719	3	2	13	03	287	306	73	2	63	1	1	5	2183	1729	149
100127	719	3	2	13	03	287	306	73	3	58	1	1	5	1783	1441	115
100127	719	3	2	13	03	287	306	73	4	26	1	1	2	144	121	5
100127	719	3	2	13	03	287	306	73	5	25	2	1	2	130	116	6
100128	719	4	11	13	03	373	456	73	1	64	1	1	7	2335	1975	163
100128	719	4	11	13	03	373	456	73	2	57	2	1	5	1615	1289	111
100128	719	4	11	13	03	373	456	73	3	36	1	1	3	396	335	16
100128	719	4	11	13	03	373	456	73	4	75	2	4	8	3496	2901	183
100128	719	4	11	13	03	373	456	73	5	60	1	1	5	1975	1487	107
100129	719	1	1	13	03	351	285	73	1	66	2	1	5	2962	2076	91
100129	719	1	1	13	03	351	285	73	3	64	1	1	5	2574	2056	255
100129	719	1	1	13	03	351	285	73	4	43	1	1	3	765	575	31
100129	719	1	1	13	03	351	285	73	5	72	2	2	7	2814	2286	110
100130	720	4	13	13	03	249	234	73	1	63	1	1	5	2387	1917	201
100130	720	4	13	13	03	249	234	73	10	58	1	1	5	2030	1406	145
100130	720	4	13	13	03	249	234	73	11	41	1	1	3	607	531	20
100130	720	4	13	13	03	249	234	73	2	41	1	1	3	649	553	47
100130	720	4	13	13	03	249	234	73	3	60	1	1	6	1810	1550	144
100130	720	4	13	13	03	249	234	73	4	55	1	1	5	1416	1133	87
100130	720	4	13	13	03	249	234	73	5	42	1	1	5	671	560	26
100130	720	4	13	13	03	249	234	73	6	38	2	1	3	427	380	11
100130	720	4	13	13	03	249	234	73	7	38	1	1	3	687	554	30
100130	720	4	13	13	03	249	234	73	8	27	1	1	2	212	149	5
100130	720	4	13	13	03	249	234	73	9	67	1	1	5	2713	2256	230
100132	720	1	1	13	03	300	254	73	1	63	2	1	6	2218	1860	109
100132	720	1	1	13	03	300	254	73	2	32	2	1	3	292	251	10
100132	720	1	1	13	03	300	254	73	3	50	2	1	4	942	806	38
100132	720	1	1	13	03	300	254	73	4	67	2	1	5	2413	2009	183
100132	720	1	1	13	03	300	254	73	5	38	2	1	3	484	423	24
100132	720	1	1	13	03	300	254	73	6	62	1	1	5	2100	1803	163
100133	720	3	2	13	03	240	218	73	1	45	2	1	4	774	669	49
100133	720	3	2	13	03	240	218	73	10	56	1	1	5	1526	1311	101
100133	720	3	2	13	03	240	218	73	2	42	1	1	5	631	541	46
100133	720	3	2	13	03	240	218	73	3	42	2	1	3	637	548	44
100133	720	3	2	13	03	240	218	73	4	65	2	2	5	2793	2153	225
100133	720	3	2	13	03	240	218	73	5	37	2	1	3	464	403	24
100133	720	3	2	13	03	240	218	73	6	62	2	2	5	2288	1847	80
100133	720	3	2	13	03	240	218	73	7	43	2	1	3	640	557	31
100133	720	3	2	13	03	240	218	73	8	72	2	2	6	3378	2635	198
100133	720	3	2	13	03	240	218	73	9	36	1	1	3	435	378	20
100134	720	3	3	14	03	203	207	73	1	72	2	2	6	2929	2248	203
100134	720	3	3	14	03	203	207	73	2	48	2	1	4	981	849	53
100134	720	3	3	14	03	203	207	73	3	76	1	2	7	4136	3264	284
100134	720	3	3	14	03	203	207	73	4	47	2	1	4	937	717	46
100134	720	3	3	14	03	203	207	73	5	37	2	1	3	440	390	22
100135	720	3	14	14	03	236	234	73	1	57	2	2	5	1815	1541	117
100135	720	3	14	14	03	236	234	73	10	50	1	2	5	1149	952	71
100135	720	3	14	14	03	236	234	73	11	78	1	2	6	4406	3210	314
100135	720	3	14	14	03	236	234	73	12	73	2	2	6	3244	2696	231
100135	720	3	14	14	03	236	234	73	13	64	1	1	5	2472	2127	163
100135	720	3	14	14	03	236	234	73	14	57	2	1	5	1603	1340	151
100135	720	3	14	14	03	236	234	73	15	53	2	1	5	1357	1164	107
100135	720	3	14	14	03	236	234	73	16	61	1	2	5	2066	1644	163
100135	720	3	14	14	03	236	234	73	17	71	2	2	6	3336	2723	390
100135	720	3	14	14	03	236	234	73	18	63	2	1	5	2005	1728	150
100135	720	3	14	14	03	236	234	73	2	60	2	2	5	1854	1555	171
100135	720	3	14	14	03	236	234	73	20	60	2	2	5	1942	1671	125
100135	720	3	14	14	03	236	234	73	21	51	2	1	4	1111	952	80
100135	720	3	14	14	03	236	234	73	22	59	2	2	4	1813	1547	152
100135	720	3	14	14	03	236	234	73	23	61	1	1	5	1814	1632	66
100135	720	3	14	14	03	236	234	73	24	54	2	1	5	1480	1340	93
100135	720	3	14	14	03	236	234	73	3	56	2	1	5	1560	1348	134
100135	720	3	14	14	03	236	234	73	4	64	1	1	5	2164	1819	207
100135	720	3	14	14	03	236	234	73	5	50	2	1	4	1058	889	92
100135	720	3	14	14	03	236	234	73	6	52	2	1	4	1193	971	112
100135	720	3	14	14	03	236	234	73	7	42	1	1	3	614	550	27
100135	720	3	14	14	03	236	234	73	9	52	2	1	4	1248	1050	107
100136	670	1	4	14	03	225	194	73	1	51	1	1	4	1275	1049	72
100136	670	1	4	14	03	225	194	73	10	58	1	4	5	1462	1280	47
100136	670	1	4	14	03	225	194	73	11	40	1	1	3	490	426	32
100136	670	1	4	14	03	225	194	73	2	57	2	1	5	1397	1257	59
100136	670	1	4	14	03	225	194	73	4	66	2	1	5	2672	2138	233
100136	670	1	4	14	03	225	194	73	5	51	2	1	4	1101	937	40
100136	670	1	4	14	03	225	194	73	6	46	2	1	4	862	735	23
100136	670	1	4	14	03	225	194	73	7	39	1	1	3	538	457	31
100136	670	1	4	14	03	225	194	73	8	47	2	1	4	804	713	37
100136	670	1	4	14	03	225	194	73	9	69	1	4	6	2789	2352	195
100137	670	1	11	14	03	172	187	73	1	44	1	1	3	721	627	43
100137	670	1	11	14	03	172	187	73	2	59	1	1	5	1617	1396	111
100137	670	1	11	14	03	172	187	73	3	69	1	1	9	2559	1931	275
100137	670	1	11	14	03	172	187	73	4	41	2	1	3	626	553	34
100137	670	1	11	14	03	172	187	73	5	57	1	1	5	1687	1441	107
100137	670	1	11	14	03	172	187	73	6	35	2	1	3	374	322	-1
100138	671	2	2	14	03	178	132	73	1	94	1	2	10	8185	5422	609
100138	671	2	2	14	03	178	132	73	3	40	1	1	3	655	563	43
100138	671	2	2	14	03	178	132	73	4	46	1	1	3	996	826	63
100138	671	2	2	14	03	178	132	73	5	97	1	2	9	9425	6645	688
100139	721	4	11	14	03	185	209	73	1	68	1	1	6	3280	2532	239
100139	721	4	11	14	03	185	209	73	10	51	1	1	4	1032	896	68
100139	721	4	11	14	03	185	209	73	11	49	1	1	3	935	812	69
100139	721	4	11	14	03	185	209	73	12	41	2	1	3	564	501	32
100139	721	4	11	14	03	185	209	73	13	54	1	1	5	1326	1101	126
100139	721	4	11	14	03	185	209	73	14	44	2	1	3	808	701	49
100139	721	4	11	14	03	185	209	73	2	56	2	1	5	1494	1303	84
100139	721	4	11	14	03	185	209	73	3	58	2	1	5	1616	1410	54
100139	721	4	11	14	03	185	209	73	4	54	1	1	4	1289	1110	102
100139	721	4	11	14	03	185	209	73	5	58	1	1	5	1659	1390	133
100139	721	4	11	14	03	185	209	73	6	49	2	1	4	1079	930	81
100139	721	4	11	14	03	185	209	73	7	50	2	1	5	1017	885	51
100139	721	4	11	14	03	185	209	73	8	41	2	1	3	540	470	36
100139	721	4	11	14	03	185	209	73	9	42	1	1	3	588	509	38
100140	721	3	12	14	03	221	212	73	1	67	1	4	5	2653	2114	65
100140	721	3	12	14	03	221	212	73	2	61	1	1	5	1807	1546	53
100140	721	3	12	14	03	221	212	73	3	58	1	1	5	1606	1446	49
100140	721	3	12	14	03	221	212	73	5	49	2	1	4	1056	894	77
100141	721	3	1	14	03	221	223	73	1	58	1	1	5	1657	1423	96
100141	721	3	1	14	03	221	223	73	2	56	2	1	4	1683	1440	117
100141	721	3	1	14	03	221	223	73	3	62	1	2	5	2214	1794	199
100141	721	3	1	14	03	221	223	73	4	40	2	1	3	604	513	27
100141	721	3	1	14	03	221	223	73	5	30	2	1	2	217	182	10
100142	671	1	12	14	03	159	168	73	1	63	2	1	5	1963	1692	78
100142	671	1	12	14	03	159	168	73	10	72	1	2	5	3948	3038	175
100142	671	1	12	14	03	159	168	73	11	61	1	1	5	2014	1757	128
100142	671	1	12	14	03	159	168	73	12	64	1	2	6	2443	2001	117
100142	671	1	12	14	03	159	168	73	13	62	2	1	5	1992	1694	33
100142	671	1	12	14	03	159	168	73	14	72	1	1	5	3226	2730	224
100142	671	1	12	14	03	159	168	73	15	60	1	1	5	1812	1571	54
100142	671	1	12	14	03	159	168	73	16	77	2	1	6	4180	3430	350
100142	671	1	12	14	03	159	168	73	17	52	1	1	4	1360	1182	82
100142	671	1	12	14	03	159	168	73	18	61	2	2	6	2314	1727	112
100142	671	1	12	14	03	159	168	73	19	62	2	1	5	2032	1671	70
100142	671	1	12	14	03	159	168	73	2	60	1	2	5	2055	1534	132
100142	671	1	12	14	03	159	168	73	20	62	1	1	5	2310	1921	167
100142	671	1	12	14	03	159	168	73	21	70	1	1	5	3202	2593	209
100142	671	1	12	14	03	159	168	73	22	77	1	1	6	3750	3244	79
100142	671	1	12	14	03	159	168	73	23	62	2	1	5	2231	1821	180
100142	671	1	12	14	03	159	168	73	24	67	1	1	6	2727	2309	220
100142	671	1	12	14	03	159	168	73	25	62	1	1	5	1898	1644	110
100142	671	1	12	14	03	159	168	73	3	73	2	1	6	3162	2491	0
100142	671	1	12	14	03	159	168	73	4	70	2	2	5	2931	2481	209
100142	671	1	12	14	03	159	168	73	5	62	2	1	5	2050	1757	128
100142	671	1	12	14	03	159	168	73	6	48	2	1	4	1047	896	19
100142	671	1	12	14	03	159	168	73	7	59	1	1	5	1860	1587	144
100142	671	1	12	14	03	159	168	73	8	68	1	1	5	2742	2366	164
100142	671	1	12	14	03	159	168	73	9	66	2	2	5	2782	2122	271
100143	671	1	14	14	03	176	168	73	1	60	1	1	5	1985	1634	87
100143	671	1	14	14	03	176	168	73	10	57	2	1	5	1662	1360	134
100143	671	1	14	14	03	176	168	73	11	59	2	1	5	1615	1328	112
100143	671	1	14	14	03	176	168	73	12	44	1	1	3	827	695	36
100143	671	1	14	14	03	176	168	73	13	77	1	1	6	4024	3382	322
100143	671	1	14	14	03	176	168	73	14	66	2	1	5	2551	2255	132
100143	671	1	14	14	03	176	168	73	15	62	1	2	6	2072	1696	52
100143	671	1	14	14	03	176	168	73	16	85	2	1	8	5290	4394	115
100143	671	1	14	14	03	176	168	73	17	60	1	1	5	1861	1575	116
100143	671	1	14	14	03	176	168	73	18	66	2	1	5	2514	2286	150
100143	671	1	14	14	03	176	168	73	19	60	1	1	5	1828	1495	192
100143	671	1	14	14	03	176	168	73	2	46	1	1	3	860	742	63
100143	671	1	14	14	03	176	168	73	20	63	2	1	5	2309	1864	174
100143	671	1	14	14	03	176	168	73	21	72	1	1	7	3232	2700	239
100143	671	1	14	14	03	176	168	73	22	58	1	1	5	1772	1469	109
100143	671	1	14	14	03	176	168	73	23	64	2	1	5	2151	1689	150
100143	671	1	14	14	03	176	168	73	25	49	1	1	4	1032	878	60
100143	671	1	14	14	03	176	168	73	26	62	2	1	6	1788	1460	56
100143	671	1	14	14	03	176	168	73	27	67	2	1	5	2482	2017	214
100143	671	1	14	14	03	176	168	73	28	41	2	1	3	684	547	39
100143	671	1	14	14	03	176	168	73	29	56	2	1	5	1634	1286	110
100143	671	1	14	14	03	176	168	73	3	54	1	1	4	1531	1276	122
100143	671	1	14	14	03	176	168	73	30	49	1	1	4	1110	969	57
100143	671	1	14	14	03	176	168	73	4	61	1	1	5	2137	1761	130
100143	671	1	14	14	03	176	168	73	5	60	2	1	5	1938	1479	172
100143	671	1	14	14	03	176	168	73	6	60	2	1	6	1686	1388	125
100143	671	1	14	14	03	176	168	73	7	59	1	1	5	2240	1824	182
100143	671	1	14	14	03	176	168	73	8	53	2	1	5	1463	1115	86
100143	671	1	14	14	03	176	168	73	9	55	1	1	5	1536	1294	113
100144	672	2	1	14	03	150	165	73	1	55	1	1	5	1518	1195	84
100144	672	2	1	14	03	150	165	73	10	69	1	2	7	2936	2369	36
100144	672	2	1	14	03	150	165	73	11	85	1	2	5	6250	4760	544
100144	672	2	1	14	03	150	165	73	12	67	2	2	6	2565	2215	143
100144	672	2	1	14	03	150	165	73	13	51	1	1	4	977	846	52
100144	672	2	1	14	03	150	165	73	14	53	2	1	5	1336	1130	70
100144	672	2	1	14	03	150	165	73	15	63	2	2	5	2221	1917	151
100144	672	2	1	14	03	150	165	73	16	67	1	1	6	2615	2169	183
100144	672	2	1	14	03	150	165	73	17	61	1	1	6	2158	1702	161
100144	672	2	1	14	03	150	165	73	18	52	1	1	7	1310	970	107
100144	672	2	1	14	03	150	165	73	19	62	1	1	5	1936	1668	108
100144	672	2	1	14	03	150	165	73	2	54	1	1	6	1475	1136	112
100144	672	2	1	14	03	150	165	73	20	60	2	2	5	1772	1550	100
100144	672	2	1	14	03	150	165	73	21	44	2	1	3	753	661	34
100144	672	2	1	14	03	150	165	73	22	48	2	1	4	1141	888	90
100144	672	2	1	14	03	150	165	73	23	66	2	1	5	2438	2214	53
100144	672	2	1	14	03	150	165	73	24	69	1	2	6	2834	2376	117
100144	672	2	1	14	03	150	165	73	25	55	2	1	4	1429	1154	72
100144	672	2	1	14	03	150	165	73	26	69	2	2	5	3352	2628	167
100144	672	2	1	14	03	150	165	73	27	51	2	1	4	1169	1042	58
100144	672	2	1	14	03	150	165	73	28	58	2	1	5	1783	1481	150
100144	672	2	1	14	03	150	165	73	29	70	2	2	6	3060	2411	209
100144	672	2	1	14	03	150	165	73	3	65	1	1	5	2476	1957	208
100144	672	2	1	14	03	150	165	73	30	41	1	1	3	588	497	17
100144	672	2	1	14	03	150	165	73	4	56	1	1	5	1558	1332	117
100144	672	2	1	14	03	150	165	73	5	64	1	2	5	2400	1888	203
100144	672	2	1	14	03	150	165	73	6	75	1	2	7	4222	3110	238
100144	672	2	1	14	03	150	165	73	7	52	2	1	6	1309	929	63
100144	672	2	1	14	03	150	165	73	8	57	1	1	5	1766	1439	167
100144	672	2	1	14	03	150	165	73	9	41	1	1	3	575	523	22
100145	621	4	13	15	03	92	115	73	1	33	2	1	3	322	282	6
100145	621	4	13	15	03	92	115	73	2	50	1	1	11	1040	927	41
100145	621	4	13	15	03	92	115	73	3	98	2	2	4	10640	7270	334
100145	621	4	13	15	03	92	115	73	4	78	1	2	5	5792	3926	196
100145	621	4	13	15	03	92	115	73	5	53	1	2	5	1617	1203	73
100145	621	4	13	15	03	92	115	73	7	54	1	2	6	1449	1168	16
100145	621	4	13	15	03	92	115	73	8	26	1	1	3	128	118	2
100145	621	4	13	15	03	92	115	73	9	50	2	1	9	1064	906	59
100146	571	2	1	15	03	168	223	73	1	91	2	2	9	8660	6695	506
100146	571	2	1	15	03	168	223	73	2	47	2	1	4	769	709	12
100146	571	2	1	15	03	168	223	73	3	33	2	1	3	321	286	3
100146	571	2	1	15	03	168	223	73	4	81	2	2	6	5098	4094	297
100148	571	4	11	15	03	123	115	73	1	80	1	4	9	3980	3640	45
100148	571	4	11	15	03	123	115	73	2	57	1	1	5	1983	1694	55
100148	571	4	11	15	03	123	115	73	3	35	2	1	3	313	237	-1
100148	571	4	11	15	03	123	115	73	4	35	2	1	3	373	339	10
100148	571	4	11	15	03	123	115	73	5	22	2	1	2	80	72	4
100148	571	4	11	15	03	123	115	73	6	24	1	1	2	101	90	1
100148	571	4	11	15	03	123	115	73	7	35	1	1	3	367	321	12
100149	570	1	1	15	03	73	113	73	1	61	1	1	6	1825	1647	38
100149	570	1	1	15	03	73	113	73	2	53	1	1	5	1364	1051	40
100149	570	1	1	15	03	73	113	73	3	31	1	1	3	236	212	11
100149	570	1	1	15	03	73	113	73	4	27	2	1	3	164	148	7
100149	570	1	1	15	03	73	113	73	5	27	2	1	3	157	142	4
100150	570	1	11	15	03	93	101	73	1	34	1	1	3	363	290	10
100150	570	1	11	15	03	93	101	73	2	35	1	1	3	422	334	9
100150	570	1	11	15	03	93	101	73	3	37	2	1	3	523	408	9
100150	570	1	11	15	03	93	101	73	4	34	2	1	3	393	312	9
100150	570	1	11	15	03	93	101	73	5	22	2	1	2	93	72	3
100150	570	1	11	15	03	93	101	73	6	32	2	1	3	326	262	8
100151	570	1	2	15	03	139	128	73	1	30	2	1	3	199	185	7
100151	570	1	2	15	03	139	128	73	2	51	2	1	5	1005	846	24
100151	570	1	2	15	03	139	128	73	3	34	1	1	3	296	277	3
100151	570	1	2	15	03	139	128	73	4	26	2	1	2	154	124	5
100151	570	1	2	15	03	139	128	73	5	36	1	1	3	463	357	9
100152	619	3	15	15	03	161	154	73	1	34	2	1	3	385	328	8
100152	619	3	15	15	03	161	154	73	2	38	1	1	3	561	419	8
100152	619	3	15	15	03	161	154	73	3	60	1	2	5	2254	1655	46
100152	619	3	15	15	03	161	154	73	4	32	2	1	3	325	264	8
100152	619	3	15	15	03	161	154	73	5	29	2	1	3	188	177	2
100153	619	3	13	15	03	143	73	73	1	57	1	1	6	1771	1359	56
100153	619	3	13	15	03	143	73	73	2	46	2	1	5	850	694	19
100153	619	3	13	15	03	143	73	73	3	79	1	2	8	4994	3820	248
100153	619	3	13	15	03	143	73	73	4	63	2	2	9	2357	1876	105
